Assembly Only	Total	Error %	QV
54	69937	0.0000	46.0
0	3767696	0.0000	inf
97	5103212	0.0000	62.1
88	37755	0.0001	41.2
0	18887	0.0000	inf
22	3897868	0.0000	67.4
44	3378922	0.0000	63.8
30	9306455	0.0000	69.8
30	1065198	0.0000	60.4
4	2908232	0.0000	73.5
131	80933	0.0001	42.8
9	380050	0.0000	61.2
56	2672617	0.0000	61.7
11	3508804	0.0000	70.0
0	3796811	0.0000	inf
86	2698213	0.0000	59.9
58	44442	0.0000	43.8
29	43243	0.0000	46.6
0	36580	0.0000	inf
34	25839	0.0000	43.7
0	1294176	0.0000	inf
0	241204	0.0000	inf
0	53774	0.0000	inf
32	55352	0.0000	47.3
0	5768052	0.0000	inf
30	88632	0.0000	49.6
35	48086	0.0000	46.3
179	51877	0.0001	39.5
0	86121	0.0000	inf
27	41947	0.0000	46.8
30	43357	0.0000	46.5
56	810321	0.0000	56.5
30	30522	0.0000	45.0
0	191197	0.0000	inf
113	60746	0.0001	42.2
118	102372	0.0000	44.3
88	32137	0.0001	40.5
0	43438	0.0000	inf
94	65476	0.0000	43.3
76	20327	0.0001	39.2
30	61682	0.0000	48.0
30	87229	0.0000	49.5
29	59442	0.0000	48.0
29	27408	0.0000	44.7
131	34631	0.0001	39.1
0	17790	0.0000	inf
99	40403	0.0001	41.0
0	35220	0.0000	inf
59	38405	0.0000	43.0
85	36923	0.0001	41.3
0	44701	0.0000	inf
109	30497	0.0001	39.4
60	78945	0.0000	46.1
0	32812	0.0000	inf
0	69208	0.0000	inf
29	10292	0.0001	40.4
98	78493	0.0000	43.9
59	36500	0.0001	42.8
101	32023	0.0001	39.9
80	9599	0.0003	35.7
73	18489	0.0001	38.9
0	51403	0.0000	inf
60	18886	0.0001	39.9
0	48926	0.0000	inf
30	123140	0.0000	51.0
72	15989	0.0001	38.4
90	37521	0.0001	41.1
120	24738	0.0002	38.0
0	57845	0.0000	inf
30	37811	0.0000	45.9
0	41537	0.0000	inf
26	7332	0.0001	39.4
0	52781	0.0000	inf
53	69438	0.0000	46.1
0	14767	0.0000	inf
23	7658	0.0001	40.1
60	70388	0.0000	45.6
52	28115	0.0001	42.2
51	47631	0.0000	44.6
80	1861234	0.0000	58.6
30	40112	0.0000	46.2
30	69256	0.0000	48.5
69	17858	0.0001	39.0
0	22800	0.0000	inf
59	37655	0.0001	43.0
0	35294	0.0000	inf
30	35527	0.0000	45.6
0	27854	0.0000	inf
0	59972	0.0000	inf
109	20152	0.0002	37.6
77	19200	0.0001	38.9
0	27270	0.0000	inf
0	45363	0.0000	inf
7	22413	0.0000	50.0
0	677045	0.0000	inf
10	26530	0.0000	49.2
28	39172	0.0000	46.4
51	18259	0.0001	40.4
30	53361	0.0000	47.4
0	33953	0.0000	inf
178	74316	0.0001	41.1
30	41290	0.0000	46.3
58	31515	0.0001	42.3
119	30056	0.0001	38.9
90	29774	0.0001	40.1
57	148429	0.0000	49.1
82	18397	0.0001	38.4
105	36481	0.0001	40.3
75	15834	0.0002	38.1
77	16956	0.0001	38.3
60	29067	0.0001	41.8
60	38062	0.0001	42.9
98	32544	0.0001	40.1
0	30899	0.0000	inf
29	44537	0.0000	46.8
38	12124	0.0001	39.9
88	227656	0.0000	49.0
43	343699	0.0000	53.9
170	14972	0.0004	34.3
0	206913	0.0000	inf
29	15436	0.0001	42.2
82	31906	0.0001	40.8
23	13638	0.0001	42.6
82	11736	0.0002	36.5
83	16665	0.0002	37.9
58	31094	0.0001	42.2
0	23205	0.0000	inf
87	34398	0.0001	40.9
89	65272	0.0000	43.6
24	6029	0.0001	38.9
50	15314	0.0001	39.8
137	36020	0.0001	39.1
110	23666	0.0002	38.2
118	46937	0.0001	40.9
56	17309	0.0001	39.8
0	208108	0.0000	inf
0	23403	0.0000	inf
81	38159	0.0001	41.6
58	46794	0.0000	44.0
30	34809	0.0000	45.6
0	31172	0.0000	inf
86	73210	0.0000	44.2
0	29520	0.0000	inf
36	18911	0.0001	42.1
81	29080	0.0001	40.5
56	18879	0.0001	40.2
0	16493	0.0000	inf
57	14547	0.0001	39.0
88	39429	0.0001	41.4
78	15963	0.0002	38.0
29	46923	0.0000	47.0
32	32082	0.0000	44.9
58	22642	0.0001	40.8
119	43995	0.0001	40.6
60	23752	0.0001	40.9
228	175477	0.0000	43.8
177	83747	0.0001	41.7
53	36555	0.0000	43.3
32	24894	0.0000	43.8
0	65728	0.0000	inf
27	10627	0.0001	40.9
0	29037	0.0000	inf
28	26303	0.0000	44.6
76	11291	0.0002	36.6
0	32889	0.0000	inf
28	36001	0.0000	46.0
29	42990	0.0000	46.6
49	9378	0.0002	37.7
30	28957	0.0000	44.8
0	34401	0.0000	inf
0	30828	0.0000	inf
58	57969	0.0000	44.9
0	58427	0.0000	inf
54	11352	0.0002	38.1
45	28139	0.0001	42.9
29	49552	0.0000	47.2
90	51550	0.0001	42.5
114	34660	0.0001	39.7
54	41766	0.0000	43.8
0	52771	0.0000	inf
58	65564	0.0000	45.4
0	30254	0.0000	inf
0	33123	0.0000	inf
0	75283	0.0000	inf
0	53612	0.0000	inf
48	8292	0.0002	37.3
317	145322	0.0001	41.5
61	18380	0.0001	39.7
157	121123	0.0000	43.8
0	30589	0.0000	inf
88	69000	0.0000	43.9
88	92170	0.0000	45.1
0	105314	0.0000	inf
59	33924	0.0001	42.5
0	19571	0.0000	inf
82	57075	0.0000	43.3
133	34199	0.0001	39.0
3	21126	0.0000	53.4
0	38102	0.0000	inf
146	76440	0.0001	42.1
80	24131	0.0001	39.7
57	20683	0.0001	40.5
0	77285	0.0000	inf
55	34064	0.0001	42.8
1	73555	0.0000	63.6
71	38767	0.0001	42.3
1	76295	0.0000	63.7
59	23864	0.0001	41.0
80	24981	0.0001	39.9
0	91756	0.0000	inf
22	12548	0.0001	42.5
28	18937	0.0000	43.2
120	80220	0.0000	43.2
179	30511	0.0002	37.2
130	25944	0.0002	37.9
0	45142	0.0000	inf
58	64101	0.0000	45.3
120	34135	0.0001	39.4
59	55974	0.0000	44.7
29	46540	0.0000	47.0
25	31327	0.0000	45.9
0	22534	0.0000	inf
126	51325	0.0001	41.0
79	29089	0.0001	40.6
29	37196	0.0000	46.0
181	95592	0.0001	42.1
0	18238	0.0000	inf
0	38663	0.0000	inf
0	24437	0.0000	inf
28	147934	0.0000	52.1
59	92726	0.0000	46.9
0	36629	0.0000	inf
58	17918	0.0001	39.8
60	32316	0.0001	42.2
30	28264	0.0000	44.7
101	27330	0.0001	39.2
87	100289	0.0000	45.5
0	35369	0.0000	inf
0	30632	0.0000	inf
0	35369	0.0000	inf
28	12294	0.0001	41.3
0	31004	0.0000	inf
30	44622	0.0000	46.6
0	25123	0.0000	inf
0	40068	0.0000	inf
27	16923	0.0001	42.9
0	66422	0.0000	inf
0	15644	0.0000	inf
0	23957	0.0000	inf
0	52416	0.0000	inf
60	19405	0.0001	40.0
29	27258	0.0000	44.6
0	26409	0.0000	inf
30	43209	0.0000	46.5
50	11630	0.0001	38.6
24	8527	0.0001	40.4
28	43002	0.0000	46.8
29	422349	0.0000	56.5
0	29281	0.0000	inf
30	137165	0.0000	51.5
116	26515	0.0001	38.5
26	28304	0.0000	45.3
115	695575	0.0000	52.7
90	88171	0.0000	44.8
57	17640	0.0001	39.8
107	49090	0.0001	41.5
29	33379	0.0000	45.5
29	46527	0.0000	47.0
0	103896	0.0000	inf
0	34221	0.0000	inf
26	16878	0.0000	43.0
90	68451	0.0000	43.7
57	28823	0.0001	41.9
60	41401	0.0000	43.3
0	40632	0.0000	inf
180	44315	0.0001	38.8
36	49657	0.0000	46.3
54	9007	0.0002	37.1
87	43719	0.0001	41.9
147	39217	0.0001	39.2
60	54021	0.0000	44.5
70	65240	0.0000	44.6
59	33970	0.0001	42.5
58	26090	0.0001	41.4
116	63841	0.0001	42.3
0	8540	0.0000	inf
52	12682	0.0001	38.8
0	66040	0.0000	inf
95	134769	0.0000	46.4
0	34246	0.0000	inf
0	28609	0.0000	inf
0	20000	0.0000	inf
31	19994	0.0001	43.0
55	30459	0.0001	42.3
110	25160	0.0001	38.5
29	62232	0.0000	48.2
0	36989	0.0000	inf
0	10447	0.0000	inf
0	21649	0.0000	inf
149	57824	0.0001	40.8
29	38849	0.0000	46.2
26	11215	0.0001	41.3
30	33350	0.0000	45.4
0	33014	0.0000	inf
58	29150	0.0001	41.9
59	30056	0.0001	42.0
88	242195	0.0000	49.3
0	46149	0.0000	inf
0	26498	0.0000	inf
27	9133	0.0001	40.2
28	16460	0.0001	42.6
25	4986	0.0002	37.9
0	31058	0.0000	inf
98	27079	0.0001	39.3
85	41294	0.0001	41.8
0	10960	0.0000	inf
74	11497	0.0002	36.8
0	71586	0.0000	inf
2	30582	0.0000	56.8
0	25888	0.0000	inf
30	36408	0.0000	45.8
59	85036	0.0000	46.5
0	23245	0.0000	inf
0	146502	0.0000	inf
0	38070	0.0000	inf
0	24859	0.0000	inf
0	12527	0.0000	inf
29	36622	0.0000	45.9
30	43315	0.0000	46.5
57	28406	0.0001	41.9
78	40792	0.0001	42.1
29	20179	0.0000	43.3
45	67972	0.0000	46.7
28	6572	0.0001	38.6
26	9508	0.0001	40.5
59	198367	0.0000	50.2
0	38902	0.0000	inf
29	25471	0.0000	44.3
0	37314	0.0000	inf
58	33331	0.0001	42.5
59	30310	0.0001	42.0
59	11293	0.0002	37.7
50	9857	0.0002	37.9
23	4047	0.0002	37.4
0	37800	0.0000	inf
0	27454	0.0000	inf
169	22605	0.0002	36.2
0	29557	0.0000	inf
29	33055	0.0000	45.5
87	54685	0.0001	42.9
0	28800	0.0000	inf
0	27727	0.0000	inf
119	63690	0.0001	42.2
26	35722	0.0000	46.3
29	40957	0.0000	46.4
0	117957	0.0000	inf
0	25960	0.0000	inf
125	28581	0.0001	38.5
49	37221	0.0000	43.7
30	33162	0.0000	45.3
28	33763	0.0000	45.7
0	24265	0.0000	inf
29	63467	0.0000	48.3
20	68702	0.0000	50.3
0	14799	0.0000	inf
237	56164	0.0001	38.7
130	13379	0.0003	35.0
0	15439	0.0000	inf
28	15004	0.0001	42.2
0	42455	0.0000	inf
29	34329	0.0000	45.6
60	33882	0.0001	42.4
120	76327	0.0001	42.9
30	55401	0.0000	47.6
54	15971	0.0001	39.6
58	31170	0.0001	42.2
60	62905	0.0000	45.1
190	83114	0.0001	41.3
0	37642	0.0000	inf
57	35679	0.0001	42.9
0	13041	0.0000	inf
28	31452	0.0000	45.4
58	52260	0.0000	44.5
48	47507	0.0000	44.9
53	23589	0.0001	41.4
0	27204	0.0000	inf
89	43704	0.0001	41.8
127	23136	0.0002	37.5
90	46571	0.0001	42.0
0	30613	0.0000	inf
0	30271	0.0000	inf
0	26738	0.0000	inf
84	18536	0.0001	38.3
26	7133	0.0001	39.3
26	6981	0.0001	39.2
100	14394	0.0002	36.5
34	59079	0.0000	47.3
30	26025	0.0000	44.3
53	15541	0.0001	39.6
37	34348	0.0000	44.6
26	4893	0.0002	37.6
65	12682	0.0002	37.8
0	50069	0.0000	inf
0	24313	0.0000	inf
29	58384	0.0000	48.0
145	208731	0.0000	46.5
0	44460	0.0000	inf
0	34877	0.0000	inf
85	12231	0.0002	36.5
0	50961	0.0000	inf
30	32236	0.0000	45.2
0	44053	0.0000	inf
0	14403	0.0000	inf
56	14377	0.0001	39.0
57	38933	0.0000	43.3
0	53492	0.0000	inf
53	8165	0.0002	36.8
0	40037	0.0000	inf
59	64374	0.0000	45.3
89	63395	0.0000	43.4
58	83148	0.0000	46.5
0	24782	0.0000	inf
0	49841	0.0000	inf
28	14384	0.0001	42.0
197	25159	0.0003	36.0
86	53552	0.0001	42.9
60	67071	0.0000	45.4
118	63353	0.0001	42.2
130	32938	0.0001	38.9
59	15000	0.0001	39.0
0	32273	0.0000	inf
19	56616	0.0000	49.7
59	71809	0.0000	45.8
0	21517	0.0000	inf
0	20400	0.0000	inf
30	34158	0.0000	45.5
7	35039	0.0000	51.9
87	163198	0.0000	47.6
60	17814	0.0001	39.6
60	52105	0.0000	44.3
0	34260	0.0000	inf
0	39709	0.0000	inf
0	26349	0.0000	inf
57	62620	0.0000	45.3
58	123572	0.0000	48.2
0	20433	0.0000	inf
111	56707	0.0001	42.0
30	25971	0.0000	44.3
126	27100	0.0002	38.2
29	23161	0.0000	43.9
59	25156	0.0001	41.2
91	103150	0.0000	45.5
30	30330	0.0000	45.0
153	118354	0.0000	43.8
7	27904	0.0000	50.9
30	14110	0.0001	41.6
53	27713	0.0001	42.1
159	26765	0.0002	37.2
78	16236	0.0002	38.1
0	53623	0.0000	inf
46	60453	0.0000	46.1
28	7385	0.0001	39.1
89	29826	0.0001	40.2
57	59630	0.0000	45.1
143	44880	0.0001	39.9
119	52264	0.0001	41.3
0	49103	0.0000	inf
59	52790	0.0000	44.4
30	27192	0.0000	44.5
27	20898	0.0000	43.8
28	26910	0.0000	44.7
78	26595	0.0001	40.2
0	5789	0.0000	inf
29	24814	0.0000	44.2
0	33830	0.0000	inf
87	49964	0.0001	42.5
45	69947	0.0000	46.8
123	36305	0.0001	39.6
0	26893	0.0000	inf
44	54303	0.0000	45.8
171	106030	0.0001	42.8
77	51164	0.0000	43.1
147	64461	0.0001	41.3
60	62555	0.0000	45.1
49	25583	0.0001	42.1
60	55739	0.0000	44.6
0	76955	0.0000	inf
74	16378	0.0001	38.4
30	65865	0.0000	48.3
76	25188	0.0001	40.1
56	56212	0.0000	44.9
30	22673	0.0000	43.7
54	20761	0.0001	40.8
130	43579	0.0001	40.2
0	29523	0.0000	inf
7	23942	0.0000	50.3
105	17009	0.0002	37.0
51	9008	0.0002	37.4
179	47113	0.0001	39.1
0	26617	0.0000	inf
30	21461	0.0000	43.5
58	25058	0.0001	41.3
0	61833	0.0000	inf
201	39674	0.0002	37.9
91	86471	0.0000	44.7
84	22291	0.0001	39.1
30	44933	0.0000	46.7
0	19448	0.0000	inf
106	115388	0.0000	45.3
93	51307	0.0001	42.3
70	26317	0.0001	40.7
113	9892	0.0004	34.3
29	22299	0.0000	43.8
29	33692	0.0000	45.6
0	31458	0.0000	inf
0	32742	0.0000	inf
0	33685	0.0000	inf
17	38140	0.0000	48.4
60	46372	0.0000	43.8
0	59395	0.0000	inf
0	29923	0.0000	inf
29	24380	0.0000	44.2
30	62065	0.0000	48.1
27	11235	0.0001	41.1
60	29643	0.0001	41.8
0	34425	0.0000	inf
103	36263	0.0001	40.4
62	59897	0.0000	44.8
49	33813	0.0000	43.3
0	19197	0.0000	inf
56	50473	0.0000	44.5
30	42607	0.0000	46.4
60	54381	0.0000	44.5
28	20823	0.0000	43.6
108	29938	0.0001	39.3
161	106004	0.0000	43.1
30	39375	0.0000	46.1
57	55708	0.0000	44.8
30	38345	0.0000	46.0
28	25135	0.0000	44.4
0	51139	0.0000	inf
62	12268	0.0002	37.9
30	25677	0.0000	44.2
0	15541	0.0000	inf
49	9501	0.0002	37.8
87	20039	0.0001	38.5
91	34804	0.0001	40.7
0	26130	0.0000	inf
29	35361	0.0000	45.8
27	42164	0.0000	46.8
0	31024	0.0000	inf
0	38092	0.0000	inf
86	27975	0.0001	40.0
0	12377	0.0000	inf
30	29946	0.0000	44.9
0	59589	0.0000	inf
30	33568	0.0000	45.4
0	33117	0.0000	inf
148	70762	0.0001	41.7
27	31650	0.0000	45.6
0	42348	0.0000	inf
0	45949	0.0000	inf
52	32376	0.0001	42.9
30	32849	0.0000	45.3
0	27845	0.0000	inf
171	34886	0.0002	38.0
108	42299	0.0001	40.8
30	126229	0.0000	51.2
30	62386	0.0000	48.1
0	44352	0.0000	inf
0	17332	0.0000	inf
90	39513	0.0001	41.3
46	35973	0.0000	43.8
30	17155	0.0001	42.5
0	38387	0.0000	inf
0	16687	0.0000	inf
50	5566	0.0003	35.4
87	52758	0.0001	42.7
30	21389	0.0000	43.4
0	39954	0.0000	inf
160	35584	0.0001	38.4
59	27500	0.0001	41.6
0	26676	0.0000	inf
80	9843	0.0003	35.8
30	18749	0.0001	42.9
0	30402	0.0000	inf
25	30226	0.0000	45.7
47	32679	0.0000	43.3
28	14698	0.0001	42.1
188	19528	0.0003	35.1
0	26615	0.0000	inf
0	29745	0.0000	inf
25	22295	0.0000	44.4
79	41506	0.0001	42.1
0	23561	0.0000	inf
21	6674	0.0001	39.9
111	33663	0.0001	39.7
51	17355	0.0001	40.2
88	62242	0.0000	43.4
0	33722	0.0000	inf
16	38487	0.0000	48.7
148	75654	0.0001	42.0
109	58900	0.0001	42.2
50	16054	0.0001	40.0
41	9309	0.0001	38.5
180	45852	0.0001	39.0
178	17710	0.0003	34.9
60	45317	0.0000	43.7
58	24514	0.0001	41.2
0	28168	0.0000	inf
10	8609	0.0000	44.3
80	10572	0.0002	36.1
30	21112	0.0000	43.4
90	66570	0.0000	43.6
0	79604	0.0000	inf
59	131387	0.0000	48.4
33	7558	0.0001	38.5
59	31267	0.0001	42.2
148	48675	0.0001	40.1
119	65345	0.0001	42.3
64	33158	0.0001	42.1
142	114706	0.0000	44.0
0	48621	0.0000	inf
51	11295	0.0001	38.4
90	57378	0.0001	43.0
104	61450	0.0001	42.6
53	52919	0.0000	44.9
0	10826	0.0000	inf
115	21884	0.0002	37.7
29	60335	0.0000	48.1
88	37904	0.0001	41.3
30	31739	0.0000	45.2
29	47057	0.0000	47.0
30	44704	0.0000	46.6
0	25533	0.0000	inf
30	26236	0.0000	44.3
0	171908	0.0000	inf
0	13033	0.0000	inf
0	44192	0.0000	inf
0	37886	0.0000	inf
173	24200	0.0002	36.4
0	37654	0.0000	inf
58	70803	0.0000	45.8
0	63157	0.0000	inf
30	27572	0.0000	44.5
0	33150	0.0000	inf
0	14667	0.0000	inf
31	9714	0.0001	39.9
0	49376	0.0000	inf
0	28817	0.0000	inf
87	45546	0.0001	42.1
77	16264	0.0002	38.2
30	39271	0.0000	46.1
0	5361	0.0000	inf
115	34550	0.0001	39.7
254	44109	0.0002	37.3
83	25522	0.0001	39.8
0	34187	0.0000	inf
70	111638	0.0000	46.9
109	27743	0.0001	39.0
0	7278	0.0000	inf
147	69525	0.0001	41.7
0	16491	0.0000	inf
71	9969	0.0002	36.4
59	71620	0.0000	45.8
0	12692	0.0000	inf
0	17603	0.0000	inf
30	39840	0.0000	46.1
0	18844	0.0000	inf
0	41514	0.0000	inf
47	9720	0.0002	38.1
29	20117	0.0000	43.3
28	37385	0.0000	46.2
58	94679	0.0000	47.0
29	38153	0.0000	46.1
0	36198	0.0000	inf
45	22712	0.0001	41.9
30	19260	0.0001	43.0
88	47484	0.0001	42.2
30	51312	0.0000	47.2
30	35661	0.0000	45.7
137	44154	0.0001	40.0
58	30035	0.0001	42.1
0	37224	0.0000	inf
0	26074	0.0000	inf
0	37553	0.0000	inf
146	49939	0.0001	40.2
29	74168	0.0000	49.0
0	205783	0.0000	inf
30	34209	0.0000	45.5
59	70239	0.0000	45.7
145	55200	0.0001	40.7
28	39539	0.0000	46.4
30	34075	0.0000	45.5
239	86441	0.0001	40.5
26	7779	0.0001	39.7
29	27152	0.0000	44.6
30	37610	0.0000	45.9
0	13889	0.0000	inf
10	39255	0.0000	50.9
56	20734	0.0001	40.6
29	68860	0.0000	48.7
72	121920	0.0000	47.2
0	22726	0.0000	inf
30	37633	0.0000	45.9
30	37691	0.0000	45.9
60	79738	0.0000	46.1
0	77613	0.0000	inf
0	54599	0.0000	inf
30	39413	0.0000	46.1
0	58193	0.0000	inf
118	117092	0.0000	44.9
24	13791	0.0001	42.5
30	19451	0.0000	43.0
30	50880	0.0000	47.2
0	27608	0.0000	inf
47	7582	0.0002	37.0
52	30044	0.0001	42.5
0	39102	0.0000	inf
60	40120	0.0000	43.2
51	8972	0.0002	37.4
116	19774	0.0002	37.2
58	53907	0.0000	44.6
30	51163	0.0000	47.2
108	17039	0.0002	36.9
20	41722	0.0000	48.1
91	18334	0.0002	37.9
28	28286	0.0000	45.0
0	69710	0.0000	inf
81	31050	0.0001	40.7
0	60014	0.0000	inf
50	9406	0.0002	37.6
0	19251	0.0000	inf
0	59483	0.0000	inf
131	16903	0.0003	36.0
88	34334	0.0001	40.8
0	39676	0.0000	inf
0	8009	0.0000	inf
0	24753	0.0000	inf
60	11216	0.0002	37.6
28	29110	0.0000	45.1
50	23318	0.0001	41.6
73	5755	0.0004	33.9
32	21773	0.0000	43.2
82	27608	0.0001	40.2
150	24118	0.0002	37.0
82	20611	0.0001	38.9
0	63939	0.0000	inf
0	17461	0.0000	inf
29	32111	0.0000	45.4
28	50071	0.0000	47.4
13	33516	0.0000	49.0
25	20581	0.0000	44.1
33	77092	0.0000	48.6
49	16846	0.0001	40.3
52	17793	0.0001	40.2
76	55316	0.0000	43.5
59	21414	0.0001	40.5
88	23604	0.0001	39.2
0	12350	0.0000	inf
0	18987	0.0000	inf
19	38860	0.0000	48.0
79	10337	0.0002	36.1
90	65317	0.0000	43.5
0	8780	0.0000	inf
61	40296	0.0000	43.1
80	18108	0.0001	38.5
0	10198	0.0000	inf
90	116042	0.0000	46.0
60	98434	0.0000	47.1
29	19095	0.0000	43.1
0	61205	0.0000	inf
0	45922	0.0000	inf
25	15334	0.0001	42.8
29	23967	0.0000	44.1
0	47830	0.0000	inf
66	20838	0.0001	39.9
29	29430	0.0000	45.0
102	25775	0.0001	38.9
0	35171	0.0000	inf
26	21526	0.0000	44.1
0	52777	0.0000	inf
0	21190	0.0000	inf
90	32326	0.0001	40.5
0	46793	0.0000	inf
60	83909	0.0000	46.4
59	59888	0.0000	45.0
0	20047	0.0000	inf
105	29401	0.0001	39.4
29	44406	0.0000	46.8
51	5865	0.0003	35.5
29	34802	0.0000	45.7
0	17870	0.0000	inf
29	36126	0.0000	45.9
0	43325	0.0000	inf
106	29358	0.0001	39.3
117	70270	0.0001	42.7
144	30686	0.0002	38.2
60	56104	0.0000	44.6
60	90626	0.0000	46.7
88	60319	0.0000	43.3
60	38604	0.0001	43.0
92	36153	0.0001	40.9
0	66723	0.0000	inf
88	48294	0.0001	42.3
120	17169	0.0002	36.5
54	31844	0.0001	42.6
30	63427	0.0000	48.2
165	37218	0.0001	38.4
30	40334	0.0000	46.2
211	86889	0.0001	41.1
50	32565	0.0000	43.0
263	96551	0.0001	40.6
0	20319	0.0000	inf
29	29633	0.0000	45.0
83	27415	0.0001	40.1
79	17162	0.0001	38.3
30	101576	0.0000	50.2
62	37204	0.0001	42.7
0	64635	0.0000	inf
0	27235	0.0000	inf
58	95703	0.0000	47.1
30	48560	0.0000	47.0
99	17278	0.0002	37.3
0	30525	0.0000	inf
0	32834	0.0000	inf
38	37794	0.0000	44.9
30	23859	0.0000	43.9
54	22420	0.0001	41.1
9	45240	0.0000	51.9
246	56385	0.0001	38.5
58	75398	0.0000	46.1
161	25623	0.0002	36.9
0	125653	0.0000	inf
0	25754	0.0000	inf
0	23047	0.0000	inf
30	28668	0.0000	44.7
136	17741	0.0002	36.1
0	35080	0.0000	inf
0	28355	0.0000	inf
58	51958	0.0000	44.4
46	42496	0.0000	44.6
54	41318	0.0000	43.7
15	20873	0.0000	46.3
75	24028	0.0001	40.0
108	14729	0.0002	36.2
23	35251	0.0000	46.8
0	21374	0.0000	inf
30	23503	0.0000	43.9
41	35494	0.0000	44.3
174	52389	0.0001	39.7
0	46820	0.0000	inf
0	25464	0.0000	inf
144	69256	0.0001	41.7
89	53896	0.0001	42.7
4	5393	0.0000	46.2
30	59206	0.0000	47.9
65	38689	0.0001	42.7
58	25978	0.0001	41.4
120	82833	0.0000	43.3
212	134652	0.0001	42.9
56	47680	0.0000	44.2
30	21639	0.0000	43.5
148	71995	0.0001	41.8
130	32912	0.0001	38.9
53	13795	0.0001	39.1
149	17141	0.0003	35.5
0	28739	0.0000	inf
0	37717	0.0000	inf
30	33726	0.0000	45.4
0	23212	0.0000	inf
0	76407	0.0000	inf
60	49372	0.0000	44.1
0	35958	0.0000	inf
0	32956	0.0000	inf
56	48472	0.0000	44.3
56	18026	0.0001	40.0
113	62960	0.0001	42.4
30	69427	0.0000	48.6
49	13011	0.0001	39.1
104	25623	0.0001	38.8
28	80857	0.0000	49.5
70	65367	0.0000	44.6
0	15451	0.0000	inf
54	59711	0.0000	45.3
30	35254	0.0000	45.6
71	21540	0.0001	39.7
5	43698	0.0000	54.3
60	76049	0.0000	45.9
29	5212	0.0002	37.4
0	22455	0.0000	inf
54	20252	0.0001	40.6
60	19221	0.0001	40.0
39	53928	0.0000	46.3
27	22691	0.0000	44.2
91	60803	0.0000	43.2
28	10531	0.0001	40.7
30	23142	0.0000	43.8
0	29547	0.0000	inf
0	14768	0.0000	inf
0	19740	0.0000	inf
81	42866	0.0001	42.1
70	13532	0.0002	37.8
0	30246	0.0000	inf
59	43121	0.0000	43.5
0	16354	0.0000	inf
30	89528	0.0000	49.7
59	15836	0.0001	39.2
149	78541	0.0001	42.1
0	25269	0.0000	inf
30	28979	0.0000	44.8
0	34238	0.0000	inf
0	23882	0.0000	inf
58	57041	0.0000	44.8
78	28954	0.0001	40.6
53	8008	0.0002	36.7
0	28444	0.0000	inf
30	40928	0.0000	46.3
0	25022	0.0000	inf
29	31928	0.0000	45.3
54	31500	0.0001	42.6
57	45838	0.0000	44.0
57	46504	0.0000	44.0
81	12593	0.0002	36.8
89	10781	0.0003	35.7
60	22076	0.0001	40.6
25	25455	0.0000	45.0
30	28320	0.0000	44.7
52	30655	0.0001	42.6
29	32982	0.0000	45.5
153	48074	0.0001	39.9
26	5701	0.0001	38.3
26	4383	0.0002	37.2
30	125046	0.0000	51.1
30	19340	0.0001	43.0
0	71065	0.0000	inf
61	32893	0.0001	42.2
83	25425	0.0001	39.8
30	47508	0.0000	46.9
57	79311	0.0000	46.3
53	7252	0.0002	36.3
90	52224	0.0001	42.5
0	21008	0.0000	inf
0	18341	0.0000	inf
27	27878	0.0000	45.1
58	51423	0.0000	44.4
109	28621	0.0001	39.1
0	38360	0.0000	inf
29	57104	0.0000	47.9
60	75229	0.0000	45.9
0	38122	0.0000	inf
30	77629	0.0000	49.0
0	6303	0.0000	inf
83	47751	0.0001	42.5
30	61417	0.0000	48.0
59	55982	0.0000	44.7
60	44283	0.0000	43.6
104	40802	0.0001	40.8
30	16047	0.0001	42.2
0	19054	0.0000	inf
60	55267	0.0000	44.6
0	4976	0.0000	inf
59	103640	0.0000	47.4
0	27899	0.0000	inf
0	58855	0.0000	inf
57	58674	0.0000	45.0
30	62506	0.0000	48.1
125	34965	0.0001	39.4
90	59529	0.0000	43.1
29	45128	0.0000	46.8
0	28301	0.0000	inf
30	43865	0.0000	46.6
82	10210	0.0003	35.8
0	22049	0.0000	inf
17	55354	0.0000	50.0
83	51185	0.0001	42.8
0	53238	0.0000	inf
48	38892	0.0000	44.0
0	51771	0.0000	inf
57	56054	0.0000	44.8
0	21766	0.0000	inf
0	65503	0.0000	inf
0	23565	0.0000	inf
0	18213	0.0000	inf
99	70017	0.0000	43.4
29	61242	0.0000	48.2
0	29104	0.0000	inf
26	13033	0.0001	41.9
9	5020	0.0001	42.4
29	25604	0.0000	44.4
29	20505	0.0000	43.4
0	39021	0.0000	inf
59	49158	0.0000	44.1
60	48441	0.0000	44.0
30	22748	0.0000	43.7
30	53063	0.0000	47.4
80	9848	0.0003	35.8
0	8373	0.0000	inf
0	29111	0.0000	inf
29	31880	0.0000	45.3
60	64348	0.0000	45.2
6	25160	0.0000	51.1
0	17225	0.0000	inf
55	15691	0.0001	39.5
51	26085	0.0001	42.0
0	207753	0.0000	inf
16	40795	0.0000	49.0
7	20430	0.0000	49.6
0	66708	0.0000	inf
28	40768	0.0000	46.5
149	63072	0.0001	41.2
97	29466	0.0001	39.7
80	13570	0.0002	37.2
78	16822	0.0001	38.2
0	33912	0.0000	inf
0	42541	0.0000	inf
30	20678	0.0000	43.3
57	25876	0.0001	41.5
61	44625	0.0000	43.6
0	41657	0.0000	inf
87	77729	0.0000	44.4
35	49969	0.0000	46.5
111	22776	0.0002	38.0
111	55872	0.0001	41.9
35	5684	0.0002	37.0
85	17319	0.0002	38.0
199	69781	0.0001	40.4
29	37342	0.0000	46.0
131	33389	0.0001	39.0
109	53816	0.0001	41.8
141	37254	0.0001	39.1
90	40270	0.0001	41.4
57	46263	0.0000	44.0
0	23319	0.0000	inf
104	44678	0.0001	41.2
30	27677	0.0000	44.6
84	20296	0.0001	38.7
127	42587	0.0001	40.2
90	36248	0.0001	41.0
56	17428	0.0001	39.8
106	54050	0.0001	42.0
87	37652	0.0001	41.3
0	26516	0.0000	inf
0	26233	0.0000	inf
60	42577	0.0000	43.4
143	64358	0.0001	41.4
0	31972	0.0000	inf
30	29337	0.0000	44.8
65	38014	0.0001	42.6
45	14206	0.0001	39.9
29	23617	0.0000	44.0
29	49074	0.0000	47.2
47	6099	0.0002	36.0
30	32598	0.0000	45.3
33	39052	0.0000	45.6
37	6165	0.0002	37.1
159	23597	0.0002	36.6
0	17272	0.0000	inf
0	21912	0.0000	inf
27	72220	0.0000	49.2
0	12833	0.0000	inf
30	64529	0.0000	48.2
0	33558	0.0000	inf
79	18101	0.0001	38.5
58	23723	0.0001	41.0
59	54776	0.0000	44.6
51	30662	0.0001	42.7
30	90407	0.0000	49.7
161	25313	0.0002	36.9
65	36619	0.0001	42.4
0	36239	0.0000	inf
0	20966	0.0000	inf
0	15258	0.0000	inf
97	46462	0.0001	41.7
29	48742	0.0000	47.2
30	32816	0.0000	45.3
137	31114	0.0001	38.5
30	41312	0.0000	46.3
29	26226	0.0000	44.5
29	13433	0.0001	41.6
54	18965	0.0001	40.4
110	52721	0.0001	41.7
98	27616	0.0001	39.4
59	25513	0.0001	41.3
128	26491	0.0002	38.1
144	19335	0.0002	36.2
105	23725	0.0001	38.4
0	35827	0.0000	inf
13	34684	0.0000	49.2
30	32983	0.0000	45.3
0	10064	0.0000	inf
86	36678	0.0001	41.2
109	26105	0.0001	38.7
0	56818	0.0000	inf
32	39237	0.0000	45.8
0	26576	0.0000	inf
0	23048	0.0000	inf
60	58073	0.0000	44.8
102	59657	0.0001	42.6
0	83313	0.0000	inf
88	24915	0.0001	39.4
36	54846	0.0000	46.7
115	54152	0.0001	41.6
27	33978	0.0000	45.9
97	27553	0.0001	39.4
0	22942	0.0000	inf
154	55773	0.0001	40.5
30	41938	0.0000	46.4
30	28719	0.0000	44.7
0	49748	0.0000	inf
30	16410	0.0001	42.3
0	22221	0.0000	inf
58	45512	0.0000	43.9
30	17188	0.0001	42.5
28	52634	0.0000	47.7
56	21165	0.0001	40.7
29	66862	0.0000	48.5
75	41584	0.0001	42.3
55	10526	0.0002	37.7
177	70547	0.0001	40.9
0	66750	0.0000	inf
0	30827	0.0000	inf
0	8980	0.0000	inf
84	10689	0.0003	35.9
0	29661	0.0000	inf
131	32541	0.0001	38.9
0	25889	0.0000	inf
59	49668	0.0000	44.2
341	56971	0.0002	37.1
18	31958	0.0000	47.4
105	31709	0.0001	39.7
10	30482	0.0000	49.8
30	25320	0.0000	44.2
0	33242	0.0000	inf
60	35069	0.0001	42.6
50	44071	0.0000	44.4
60	92457	0.0000	46.8
0	10985	0.0000	inf
79	25601	0.0001	40.0
145	41641	0.0001	39.5
0	36376	0.0000	inf
57	26315	0.0001	41.6
55	18744	0.0001	40.2
27	18596	0.0000	43.3
111	24555	0.0001	38.4
53	36584	0.0000	43.3
106	42261	0.0001	40.9
60	65627	0.0000	45.3
0	22698	0.0000	inf
65	29458	0.0001	41.5
55	26714	0.0001	41.8
29	34315	0.0000	45.6
92	48898	0.0001	42.2
0	42944	0.0000	inf
0	32170	0.0000	inf
0	35981	0.0000	inf
170	108766	0.0001	43.0
87	57170	0.0000	43.1
175	126238	0.0000	43.5
21	14619	0.0000	43.3
59	29662	0.0001	41.9
29	44543	0.0000	46.8
0	23139	0.0000	inf
54	48939	0.0000	44.5
0	42350	0.0000	inf
150	86880	0.0001	42.5
49	19056	0.0001	40.8
55	37476	0.0000	43.2
120	119857	0.0000	44.9
0	35453	0.0000	inf
30	22542	0.0000	43.7
90	64809	0.0000	43.5
28	86130	0.0000	49.8
51	13720	0.0001	39.2
78	12855	0.0002	37.1
58	38935	0.0000	43.2
0	20713	0.0000	inf
43	63939	0.0000	46.6
105	18641	0.0002	37.4
90	72159	0.0000	44.0
59	51176	0.0000	44.3
0	6840	0.0000	inf
0	22619	0.0000	inf
28	30939	0.0000	45.3
0	13520	0.0000	inf
30	46935	0.0000	46.9
201	65399	0.0001	40.0
0	21667	0.0000	inf
29	36281	0.0000	45.9
29	26318	0.0000	44.5
239	56228	0.0001	38.6
115	59064	0.0001	42.0
138	30239	0.0001	38.3
88	36491	0.0001	41.1
0	16521	0.0000	inf
0	19460	0.0000	inf
0	34410	0.0000	inf
58	40343	0.0000	43.3
0	32915	0.0000	inf
29	44311	0.0000	46.8
59	30598	0.0001	42.1
71	21233	0.0001	39.7
87	23306	0.0001	39.2
0	53898	0.0000	inf
48	15279	0.0001	39.9
228	45220	0.0002	37.9
106	16639	0.0002	36.9
84	31537	0.0001	40.7
0	44118	0.0000	inf
56	10990	0.0002	37.8
0	70832	0.0000	inf
78	28066	0.0001	40.5
29	52458	0.0000	47.5
27	7945	0.0001	39.6
78	6997	0.0004	34.4
63	11056	0.0002	37.3
0	39906	0.0000	inf
25	6818	0.0001	39.3
59	48741	0.0000	44.1
54	14311	0.0001	39.1
0	40442	0.0000	inf
59	68448	0.0000	45.6
81	21809	0.0001	39.2
0	74111	0.0000	inf
30	42685	0.0000	46.4
59	56088	0.0000	44.7
0	15797	0.0000	inf
60	55666	0.0000	44.6
14	39252	0.0000	49.4
0	23044	0.0000	inf
28	22784	0.0000	44.0
101	19386	0.0002	37.7
0	44530	0.0000	inf
29	34819	0.0000	45.7
55	37027	0.0000	43.2
0	58453	0.0000	inf
90	26222	0.0001	39.6
27	11428	0.0001	41.2
87	28596	0.0001	40.1
48	37435	0.0000	43.8
51	20432	0.0001	40.9
0	31075	0.0000	inf
60	11487	0.0002	37.7
26	21618	0.0000	44.1
0	23620	0.0000	inf
27	18339	0.0000	43.2
59	38460	0.0000	43.1
0	37535	0.0000	inf
54	12783	0.0001	38.6
23	23751	0.0000	45.1
0	140686	0.0000	inf
104	15626	0.0002	36.7
29	38328	0.0000	46.1
168	41330	0.0001	38.8
0	8867	0.0000	inf
87	20957	0.0001	38.7
29	47063	0.0000	47.0
57	46630	0.0000	44.0
82	23941	0.0001	39.6
30	66165	0.0000	48.3
0	114349	0.0000	inf
56	32643	0.0001	42.6
59	31256	0.0001	42.2
30	38258	0.0000	46.0
106	16554	0.0002	36.8
54	10792	0.0002	37.9
30	40704	0.0000	46.2
60	54606	0.0000	44.5
154	46682	0.0001	39.7
26	27879	0.0000	45.2
150	37950	0.0001	38.9
75	24388	0.0001	40.0
84	38010	0.0001	41.5
0	69402	0.0000	inf
0	23157	0.0000	inf
83	11258	0.0002	36.2
35	20143	0.0001	42.5
103	24545	0.0001	38.7
30	29778	0.0000	44.9
87	18452	0.0002	38.2
60	33597	0.0001	42.4
105	20771	0.0002	37.9
38	21816	0.0001	42.5
27	22505	0.0000	44.1
29	10186	0.0001	40.4
53	14173	0.0001	39.2
27	21010	0.0000	43.8
0	16491	0.0000	inf
0	18942	0.0000	inf
36	23319	0.0000	43.0
30	18860	0.0001	42.9
30	26692	0.0000	44.4
0	17191	0.0000	inf
104	69053	0.0000	43.1
84	45606	0.0001	42.3
7	18257	0.0000	49.1
70	27384	0.0001	40.8
0	36224	0.0000	inf
88	25757	0.0001	39.6
0	50445	0.0000	inf
83	17749	0.0002	38.2
28	33556	0.0000	45.7
56	49807	0.0000	44.4
0	50538	0.0000	inf
0	15898	0.0000	inf
35	17732	0.0001	42.0
58	29455	0.0001	42.0
86	43631	0.0001	42.0
59	49420	0.0000	44.1
116	58472	0.0001	41.9
83	13121	0.0002	36.9
0	33838	0.0000	inf
0	36417	0.0000	inf
58	9323	0.0002	37.0
136	20562	0.0002	36.7
75	47681	0.0001	42.9
31	5951	0.0002	37.7
55	6524	0.0003	35.6
0	26507	0.0000	inf
0	36386	0.0000	inf
58	96878	0.0000	47.1
164	66189	0.0001	41.0
30	39215	0.0000	46.1
0	22322	0.0000	inf
57	42904	0.0000	43.7
64	31531	0.0001	41.8
26	12902	0.0001	41.9
85	13600	0.0002	36.9
30	30887	0.0000	45.0
88	80130	0.0000	44.5
74	22456	0.0001	39.7
0	19443	0.0000	inf
76	9907	0.0002	36.0
0	25772	0.0000	inf
50	8121	0.0002	37.0
114	29335	0.0001	39.0
47	22597	0.0001	41.7
25	8694	0.0001	40.3
26	14121	0.0001	42.3
132	24170	0.0002	37.5
0	24310	0.0000	inf
0	19244	0.0000	inf
29	37193	0.0000	46.0
53	10500	0.0002	37.9
89	56920	0.0001	43.0
0	13543	0.0000	inf
72	19933	0.0001	39.3
28	47443	0.0000	47.2
29	33243	0.0000	45.5
59	32090	0.0001	42.3
30	21154	0.0000	43.4
0	38603	0.0000	inf
114	41072	0.0001	40.5
0	17359	0.0000	inf
0	59254	0.0000	inf
0	27720	0.0000	inf
106	31769	0.0001	39.7
53	20590	0.0001	40.8
117	55233	0.0001	41.6
0	20331	0.0000	inf
0	42032	0.0000	inf
0	22578	0.0000	inf
222	52700	0.0001	38.7
83	20576	0.0001	38.8
0	27764	0.0000	inf
143	37154	0.0001	39.1
97	48746	0.0001	41.9
59	32665	0.0001	42.3
27	30802	0.0000	45.5
0	34272	0.0000	inf
0	29967	0.0000	inf
0	30174	0.0000	inf
3	45726	0.0000	56.7
52	6999	0.0002	36.2
78	23628	0.0001	39.7
98	9593	0.0003	34.8
0	34264	0.0000	inf
52	17789	0.0001	40.2
55	19925	0.0001	40.5
43	41445	0.0000	44.8
29	41742	0.0000	46.5
85	21711	0.0001	39.0
0	25067	0.0000	inf
77	11223	0.0002	36.5
30	68993	0.0000	48.5
0	21111	0.0000	inf
58	36646	0.0001	42.9
65	35204	0.0001	42.2
126	53206	0.0001	41.2
30	40220	0.0000	46.2
60	28510	0.0001	41.7
59	24493	0.0001	41.1
0	29140	0.0000	inf
29	37071	0.0000	46.0
56	21191	0.0001	40.7
23	13697	0.0001	42.7
89	79295	0.0000	44.4
0	24693	0.0000	inf
27	30950	0.0000	45.5
0	20114	0.0000	inf
123	11839	0.0003	34.7
30	54736	0.0000	47.5
52	23650	0.0001	41.5
128	34493	0.0001	39.2
54	27764	0.0001	42.0
50	37022	0.0000	43.6
77	16656	0.0001	38.3
49	19604	0.0001	40.9
90	22907	0.0001	39.0
0	76356	0.0000	inf
30	81097	0.0000	49.2
0	30123	0.0000	inf
53	14585	0.0001	39.3
128	21936	0.0002	37.2
30	28008	0.0000	44.6
0	41699	0.0000	inf
30	20518	0.0000	43.3
28	47726	0.0000	47.2
29	16933	0.0001	42.6
0	17332	0.0000	inf
0	23856	0.0000	inf
30	27908	0.0000	44.6
77	26107	0.0001	40.2
91	13781	0.0002	36.7
76	28585	0.0001	40.7
98	41080	0.0001	41.1
58	64968	0.0000	45.4
59	37109	0.0001	42.9
113	36937	0.0001	40.1
27	23126	0.0000	44.2
26	11074	0.0001	41.2
59	22535	0.0001	40.7
30	31705	0.0000	45.2
0	21356	0.0000	inf
0	28744	0.0000	inf
0	34321	0.0000	inf
90	28204	0.0001	39.9
0	26560	0.0000	inf
58	39308	0.0000	43.2
105	31467	0.0001	39.7
27	15930	0.0001	42.6
0	30915	0.0000	inf
81	19793	0.0001	38.8
59	30352	0.0001	42.0
8	12350	0.0000	46.8
30	32616	0.0000	45.3
29	8855	0.0001	39.8
0	24146	0.0000	inf
0	45727	0.0000	inf
9	11121	0.0000	45.8
30	40248	0.0000	46.2
0	30625	0.0000	inf
30	53941	0.0000	47.5
30	48326	0.0000	47.0
60	17657	0.0001	39.6
28	24804	0.0000	44.4
0	41932	0.0000	inf
138	34518	0.0001	38.9
30	33605	0.0000	45.4
0	43747	0.0000	inf
30	26222	0.0000	44.3
82	6588	0.0004	33.9
53	14395	0.0001	39.2
79	22742	0.0001	39.5
0	29685	0.0000	inf
0	35169	0.0000	inf
30	32581	0.0000	45.3
73	12053	0.0002	37.1
0	36007	0.0000	inf
88	28344	0.0001	40.0
50	23010	0.0001	41.5
60	37480	0.0001	42.9
59	11650	0.0002	37.9
58	42484	0.0000	43.6
29	36432	0.0000	45.9
0	39426	0.0000	inf
68	10233	0.0002	36.7
57	35850	0.0001	42.9
0	33582	0.0000	inf
22	39911	0.0000	47.5
72	74264	0.0000	45.0
30	23799	0.0000	43.9
30	24238	0.0000	44.0
27	25521	0.0000	44.7
0	14217	0.0000	inf
9	41611	0.0000	51.6
59	44860	0.0000	43.7
163	43068	0.0001	39.1
26	14039	0.0001	42.2
119	32117	0.0001	39.2
0	19492	0.0000	inf
0	26247	0.0000	inf
0	40902	0.0000	inf
0	23857	0.0000	inf
29	39846	0.0000	46.3
27	9382	0.0001	40.3
40	26576	0.0000	43.1
69	51696	0.0000	43.7
63	30260	0.0001	41.7
0	21438	0.0000	inf
0	55490	0.0000	inf
87	67445	0.0000	43.8
0	26854	0.0000	inf
56	35428	0.0001	42.9
59	23146	0.0001	40.8
0	33678	0.0000	inf
30	29192	0.0000	44.8
52	36189	0.0000	43.3
0	35645	0.0000	inf
0	22528	0.0000	inf
29	29219	0.0000	44.9
25	16804	0.0000	43.2
45	16668	0.0001	40.6
102	25385	0.0001	38.9
30	44662	0.0000	46.6
146	46330	0.0001	39.9
30	66595	0.0000	48.4
0	24962	0.0000	inf
25	9953	0.0001	40.9
26	14639	0.0001	42.4
0	12547	0.0000	inf
35	12513	0.0001	40.4
0	36600	0.0000	inf
0	49281	0.0000	inf
171	30234	0.0002	37.4
68	9774	0.0002	36.5
30	30637	0.0000	45.0
108	17721	0.0002	37.1
215	6765	0.0010	29.8
59	43506	0.0000	43.6
81	41460	0.0001	42.0
43	27386	0.0001	43.0
27	36903	0.0000	46.3
109	30478	0.0001	39.4
60	36291	0.0001	42.7
29	33600	0.0000	45.6
8	18960	0.0000	48.7
50	5388	0.0003	35.2
30	40792	0.0000	46.2
77	25056	0.0001	40.0
0	56335	0.0000	inf
0	20526	0.0000	inf
0	16474	0.0000	inf
30	30207	0.0000	44.9
0	11213	0.0000	inf
0	69033	0.0000	inf
30	39211	0.0000	46.1
48	9213	0.0002	37.7
56	16522	0.0001	39.6
54	20349	0.0001	40.7
78	25400	0.0001	40.0
102	10434	0.0003	35.0
0	15321	0.0000	inf
0	33817	0.0000	inf
57	14282	0.0001	38.9
77	17965	0.0001	38.6
0	48661	0.0000	inf
0	23767	0.0000	inf
81	12116	0.0002	36.6
25	40026	0.0000	47.0
72	10449	0.0002	36.5
30	24781	0.0000	44.1
29	56269	0.0000	47.8
0	26937	0.0000	inf
78	9688	0.0003	35.8
0	29127	0.0000	inf
54	20293	0.0001	40.7
0	39874	0.0000	inf
0	24775	0.0000	inf
99	15375	0.0002	36.8
57	23438	0.0001	41.0
0	19998	0.0000	inf
13	6676	0.0001	42.0
81	14334	0.0002	37.4
30	27195	0.0000	44.5
30	34997	0.0000	45.6
0	27265	0.0000	inf
27	9518	0.0001	40.4
0	18693	0.0000	inf
86	24270	0.0001	39.4
60	23357	0.0001	40.8
53	35426	0.0000	43.2
3	22643	0.0000	53.7
59	24654	0.0001	41.1
111	99875	0.0000	44.5
59	50786	0.0000	44.3
60	58693	0.0000	44.8
157	12881	0.0004	34.0
0	48144	0.0000	inf
58	9947	0.0002	37.2
86	67475	0.0000	43.9
0	18907	0.0000	inf
50	22228	0.0001	41.4
58	11441	0.0002	37.9
29	37221	0.0000	46.0
30	28441	0.0000	44.7
56	19876	0.0001	40.4
57	25538	0.0001	41.4
25	18665	0.0000	43.6
0	33028	0.0000	inf
110	23772	0.0001	38.3
29	24886	0.0000	44.2
88	23263	0.0001	39.1
28	4854	0.0002	37.3
0	41075	0.0000	inf
0	33428	0.0000	inf
26	16786	0.0001	43.0
0	8607	0.0000	inf
0	21746	0.0000	inf
120	29414	0.0001	38.8
71	13997	0.0002	37.9
100	24771	0.0001	38.8
0	32088	0.0000	inf
59	25271	0.0001	41.2
76	21808	0.0001	39.5
35	18129	0.0001	42.1
0	25888	0.0000	inf
0	15016	0.0000	inf
50	14796	0.0001	39.6
60	70336	0.0000	45.6
25	19489	0.0000	43.8
126	24736	0.0002	37.8
30	52000	0.0000	47.3
60	35214	0.0001	42.6
76	29280	0.0001	40.8
50	26133	0.0001	42.1
108	25876	0.0001	38.7
59	38476	0.0000	43.1
55	15461	0.0001	39.4
29	24814	0.0000	44.2
0	23607	0.0000	inf
84	47967	0.0001	42.5
35	19136	0.0001	42.3
10	20471	0.0000	48.0
76	38549	0.0001	42.0
60	62396	0.0000	45.1
80	25009	0.0001	39.9
78	16462	0.0002	38.1
42	18511	0.0001	41.4
60	38529	0.0001	43.0
62	35764	0.0001	42.5
26	6998	0.0001	39.2
50	12137	0.0001	38.8
41	6369	0.0002	36.8
60	28528	0.0001	41.7
30	16221	0.0001	42.2
76	22807	0.0001	39.7
37	20697	0.0001	42.4
26	25369	0.0000	44.8
0	23728	0.0000	inf
27	9092	0.0001	40.2
30	62412	0.0000	48.1
68	54821	0.0000	44.0
116	62471	0.0001	42.2
8	15625	0.0000	47.8
29	32800	0.0000	45.4
0	9498	0.0000	inf
117	62227	0.0001	42.2
53	20785	0.0001	40.8
21	6636	0.0001	39.9
30	27711	0.0000	44.6
80	25786	0.0001	40.0
23	63068	0.0000	49.3
29	9020	0.0001	39.8
60	24435	0.0001	41.0
84	11975	0.0002	36.4
0	10769	0.0000	inf
95	26855	0.0001	39.4
30	19308	0.0001	43.0
29	11909	0.0001	41.0
59	31326	0.0001	42.2
55	26276	0.0001	41.7
0	11600	0.0000	inf
0	22099	0.0000	inf
42	11230	0.0001	39.2
7	9714	0.0000	46.3
29	16939	0.0001	42.6
30	36797	0.0000	45.8
75	9468	0.0003	35.9
30	24513	0.0000	44.0
53	25020	0.0001	41.6
28	22694	0.0000	44.0
0	12513	0.0000	inf
60	45008	0.0000	43.7
53	20412	0.0001	40.8
30	13926	0.0001	41.6
30	47846	0.0000	46.9
29	20300	0.0000	43.4
59	69691	0.0000	45.6
98	58634	0.0001	42.7
29	23391	0.0000	44.0
31	11849	0.0001	40.7
93	44429	0.0001	41.7
0	27754	0.0000	inf
59	43739	0.0000	43.6
106	10739	0.0003	34.9
30	34991	0.0000	45.6
30	28425	0.0000	44.7
0	20430	0.0000	inf
27	16912	0.0001	42.9
0	30943	0.0000	inf
26	13333	0.0001	42.0
78	31932	0.0001	41.0
29	24830	0.0000	44.2
0	39131	0.0000	inf
60	34544	0.0001	42.5
0	29017	0.0000	inf
82	19581	0.0001	38.7
0	22460	0.0000	inf
0	22606	0.0000	inf
128	33968	0.0001	39.1
53	19390	0.0001	40.5
60	41298	0.0000	43.3
27	16220	0.0001	42.7
28	34053	0.0000	45.8
0	32098	0.0000	inf
0	19783	0.0000	inf
0	40641	0.0000	inf
30	34743	0.0000	45.5
0	28041	0.0000	inf
65	17291	0.0001	39.2
28	9027	0.0001	40.0
25	6974	0.0001	39.4
37	31754	0.0000	44.2
6	9082	0.0000	46.7
57	11034	0.0002	37.8
138	10141	0.0004	33.5
0	38949	0.0000	inf
0	9375	0.0000	inf
27	20303	0.0000	43.7
0	25004	0.0000	inf
0	10333	0.0000	inf
56	30418	0.0001	42.3
30	26412	0.0000	44.4
83	45250	0.0001	42.3
30	25808	0.0000	44.3
26	13711	0.0001	42.1
47	22013	0.0001	41.6
30	37494	0.0000	45.9
57	18810	0.0001	40.1
7	37601	0.0000	52.2
0	36589	0.0000	inf
80	14464	0.0002	37.5
0	23641	0.0000	inf
58	13888	0.0001	38.7
0	37047	0.0000	inf
56	5733	0.0003	35.0
0	33125	0.0000	inf
43	26917	0.0001	42.9
0	28819	0.0000	inf
43	30884	0.0000	43.5
0	18159	0.0000	inf
57	27409	0.0001	41.7
0	27946	0.0000	inf
0	13813	0.0000	inf
0	10356	0.0000	inf
28	36635	0.0000	46.1
85	14723	0.0002	37.3
30	16582	0.0001	42.3
29	30406	0.0000	45.1
1	36678	0.0000	60.6
29	31988	0.0000	45.3
28	37903	0.0000	46.2
0	50408	0.0000	inf
0	38541	0.0000	inf
78	13384	0.0002	37.2
0	9648	0.0000	inf
60	40230	0.0000	43.2
0	53811	0.0000	inf
25	23255	0.0000	44.6
126	42540	0.0001	40.2
41	48821	0.0000	45.7
132	19643	0.0002	36.6
110	11680	0.0003	35.2
0	30756	0.0000	inf
0	40853	0.0000	inf
79	14285	0.0002	37.5
0	25022	0.0000	inf
30	38495	0.0000	46.0
0	19852	0.0000	inf
0	21884	0.0000	inf
78	26231	0.0001	40.2
30	32534	0.0000	45.3
78	39616	0.0001	42.0
30	21378	0.0000	43.4
0	34027	0.0000	inf
60	17278	0.0001	39.5
51	30330	0.0001	42.7
67	32454	0.0001	41.8
0	23345	0.0000	inf
30	38623	0.0000	46.0
0	27838	0.0000	inf
29	19586	0.0000	43.2
30	20406	0.0000	43.2
50	12025	0.0001	38.7
238	40549	0.0002	37.2
67	25964	0.0001	40.8
0	17708	0.0000	inf
58	27226	0.0001	41.6
4	40651	0.0000	55.0
32	24567	0.0000	43.8
0	16069	0.0000	inf
29	22943	0.0000	43.9
121	41610	0.0001	40.3
61	31180	0.0001	42.0
58	35153	0.0001	42.7
116	44370	0.0001	40.7
42	8777	0.0002	38.1
0	39463	0.0000	inf
0	21974	0.0000	inf
0	19979	0.0000	inf
81	17742	0.0001	38.3
0	17251	0.0000	inf
0	32464	0.0000	inf
30	33731	0.0000	45.4
76	35262	0.0001	41.6
0	45961	0.0000	inf
102	22667	0.0001	38.4
77	17269	0.0001	38.4
3	7606	0.0000	49.0
54	43452	0.0000	44.0
29	31215	0.0000	45.2
0	7513	0.0000	inf
28	23814	0.0000	44.2
0	29936	0.0000	inf
28	17240	0.0001	42.8
59	28354	0.0001	41.7
0	25249	0.0000	inf
88	31321	0.0001	40.4
55	10802	0.0002	37.8
28	10933	0.0001	40.8
54	19150	0.0001	40.4
90	31626	0.0001	40.4
50	12729	0.0001	39.0
49	11405	0.0001	38.6
58	32440	0.0001	42.4
30	16042	0.0001	42.2
30	28620	0.0000	44.7
0	36138	0.0000	inf
0	5835	0.0000	inf
0	54145	0.0000	inf
0	16357	0.0000	inf
30	21340	0.0000	43.4
90	40213	0.0001	41.4
0	32358	0.0000	inf
46	30571	0.0000	43.1
30	36190	0.0000	45.7
0	19260	0.0000	inf
30	35669	0.0000	45.7
30	22974	0.0000	43.8
0	29288	0.0000	inf
0	25351	0.0000	inf
100	18395	0.0002	37.5
53	12459	0.0001	38.6
52	22171	0.0001	41.2
0	5821	0.0000	inf
59	15832	0.0001	39.2
0	31660	0.0000	inf
131	13128	0.0003	34.9
59	24723	0.0001	41.1
53	8819	0.0002	37.1
0	44073	0.0000	inf
22	19435	0.0000	44.4
0	35305	0.0000	inf
151	44654	0.0001	39.6
57	28733	0.0001	41.9
0	24941	0.0000	inf
0	17884	0.0000	inf
0	17636	0.0000	inf
127	12481	0.0003	34.8
86	65341	0.0000	43.7
0	19604	0.0000	inf
79	17706	0.0001	38.4
30	30023	0.0000	44.9
30	45175	0.0000	46.7
0	40088	0.0000	inf
0	17677	0.0000	inf
27	18249	0.0000	43.2
51	20188	0.0001	40.9
0	19703	0.0000	inf
26	32317	0.0000	45.9
30	11741	0.0001	40.8
0	26639	0.0000	inf
89	32000	0.0001	40.5
0	19934	0.0000	inf
0	27903	0.0000	inf
28	19653	0.0000	43.4
28	15917	0.0001	42.5
42	53868	0.0000	46.0
86	28990	0.0001	40.2
83	31139	0.0001	40.7
145	40295	0.0001	39.3
30	28854	0.0000	44.7
98	26097	0.0001	39.2
30	45500	0.0000	46.7
27	28344	0.0000	45.1
60	48048	0.0000	43.9
108	15103	0.0002	36.4
51	44431	0.0000	44.3
30	20562	0.0000	43.3
127	38601	0.0001	39.7
50	8543	0.0002	37.2
0	33557	0.0000	inf
6	32748	0.0000	52.3
0	23860	0.0000	inf
55	21044	0.0001	40.7
62	49244	0.0000	43.9
54	18477	0.0001	40.2
28	38932	0.0000	46.3
0	26050	0.0000	inf
0	18122	0.0000	inf
30	30628	0.0000	45.0
50	23106	0.0001	41.6
30	17604	0.0001	42.6
30	42794	0.0000	46.5
0	20942	0.0000	inf
122	15215	0.0003	35.9
114	16315	0.0002	36.5
0	31777	0.0000	inf
86	22503	0.0001	39.1
56	12214	0.0001	38.3
0	23443	0.0000	inf
58	30389	0.0001	42.1
72	15159	0.0002	38.1
59	25040	0.0001	41.2
0	15516	0.0000	inf
87	23342	0.0001	39.2
26	11398	0.0001	41.3
140	28218	0.0002	37.9
29	23584	0.0000	44.0
57	8274	0.0002	36.5
42	23706	0.0001	42.4
30	35376	0.0000	45.6
19	28787	0.0000	46.7
0	21648	0.0000	inf
0	16307	0.0000	inf
0	39985	0.0000	inf
69	12544	0.0002	37.5
29	23834	0.0000	44.1
53	9322	0.0002	37.4
0	18336	0.0000	inf
0	25222	0.0000	inf
0	37971	0.0000	inf
59	47676	0.0000	44.0
36	6770	0.0002	37.6
51	5271	0.0003	35.0
0	18928	0.0000	inf
106	12967	0.0003	35.8
0	15458	0.0000	inf
30	49590	0.0000	47.1
23	18782	0.0000	44.0
28	24028	0.0000	44.2
53	28253	0.0001	42.2
29	24525	0.0000	44.2
62	22200	0.0001	40.4
0	19724	0.0000	inf
0	41085	0.0000	inf
58	41247	0.0000	43.4
56	12482	0.0001	38.4
198	27153	0.0002	36.3
83	20000	0.0001	38.7
59	46193	0.0000	43.8
0	36643	0.0000	inf
23	6464	0.0001	39.4
74	31610	0.0001	41.2
0	25722	0.0000	inf
0	14946	0.0000	inf
58	19235	0.0001	40.1
0	32757	0.0000	inf
0	17081	0.0000	inf
30	26841	0.0000	44.4
5	8520	0.0000	47.2
56	11329	0.0002	38.0
29	16823	0.0001	42.5
0	33557	0.0000	inf
30	10407	0.0001	40.3
0	37210	0.0000	inf
29	31268	0.0000	45.2
57	29003	0.0001	42.0
58	42627	0.0000	43.6
30	42942	0.0000	46.5
0	22954	0.0000	inf
0	19933	0.0000	inf
0	12844	0.0000	inf
59	42378	0.0000	43.5
44	21472	0.0001	41.8
30	45474	0.0000	46.7
57	16292	0.0001	39.5
0	6999	0.0000	inf
53	15668	0.0001	39.6
174	19710	0.0003	35.4
119	51510	0.0001	41.3
29	37997	0.0000	46.1
29	13029	0.0001	41.4
139	37282	0.0001	39.2
30	28627	0.0000	44.7
26	5290	0.0002	38.0
78	22001	0.0001	39.4
30	20090	0.0000	43.2
0	16345	0.0000	inf
25	13163	0.0001	42.1
45	17128	0.0001	40.7
0	20548	0.0000	inf
81	12708	0.0002	36.9
0	28135	0.0000	inf
59	28922	0.0001	41.8
0	32691	0.0000	inf
63	23108	0.0001	40.6
82	40192	0.0001	41.8
110	13797	0.0003	35.9
0	33566	0.0000	inf
30	23300	0.0000	43.8
29	9087	0.0001	39.9
29	26959	0.0000	44.6
53	7795	0.0002	36.6
0	9236	0.0000	inf
0	22032	0.0000	inf
30	22083	0.0000	43.6
87	34209	0.0001	40.9
0	27376	0.0000	inf
71	12275	0.0002	37.3
74	29348	0.0001	40.9
0	18152	0.0000	inf
0	23652	0.0000	inf
60	41869	0.0000	43.3
0	50944	0.0000	inf
60	24628	0.0001	41.0
85	15355	0.0002	37.5
0	40482	0.0000	inf
30	26679	0.0000	44.4
0	21923	0.0000	inf
90	28601	0.0001	39.9
56	11791	0.0002	38.1
60	30221	0.0001	41.9
0	28393	0.0000	inf
99	19034	0.0002	37.7
3	38288	0.0000	56.0
29	32940	0.0000	45.5
0	29078	0.0000	inf
137	39664	0.0001	39.5
0	25188	0.0000	inf
69	12253	0.0002	37.4
54	16328	0.0001	39.7
0	23938	0.0000	inf
58	23606	0.0001	41.0
0	15385	0.0000	inf
0	20190	0.0000	inf
0	37070	0.0000	inf
77	16652	0.0001	38.3
0	46079	0.0000	inf
0	36849	0.0000	inf
28	20539	0.0000	43.6
30	40065	0.0000	46.2
59	18446	0.0001	39.9
0	38418	0.0000	inf
29	27158	0.0000	44.6
86	7118	0.0004	34.1
83	17076	0.0002	38.0
30	26689	0.0000	44.4
92	41331	0.0001	41.4
26	17743	0.0000	43.3
0	25982	0.0000	inf
58	23914	0.0001	41.1
0	27704	0.0000	inf
0	9262	0.0000	inf
48	11962	0.0001	38.9
0	48111	0.0000	inf
0	25565	0.0000	inf
69	15676	0.0001	38.5
0	29801	0.0000	inf
89	33978	0.0001	40.7
7	30483	0.0000	51.3
76	13742	0.0002	37.5
0	32265	0.0000	inf
0	34506	0.0000	inf
104	9509	0.0004	34.5
26	8429	0.0001	40.0
29	17240	0.0001	42.7
30	24301	0.0000	44.0
27	11193	0.0001	41.1
26	15045	0.0001	42.5
77	7214	0.0003	34.6
5	21731	0.0000	51.3
30	36283	0.0000	45.7
0	22060	0.0000	inf
52	18526	0.0001	40.4
29	24239	0.0000	44.1
0	26148	0.0000	inf
29	42977	0.0000	46.6
0	31926	0.0000	inf
56	25054	0.0001	41.4
80	17955	0.0001	38.4
32	20776	0.0000	43.0
53	30123	0.0001	42.5
30	37703	0.0000	45.9
0	19533	0.0000	inf
25	36168	0.0000	46.5
0	15318	0.0000	inf
92	31086	0.0001	40.2
33	35063	0.0000	45.2
0	26518	0.0000	inf
60	24042	0.0001	40.9
28	8123	0.0001	39.5
30	44553	0.0000	46.6
86	22041	0.0001	39.0
30	36033	0.0000	45.7
82	13279	0.0002	37.0
59	29662	0.0001	41.9
53	30287	0.0001	42.5
60	21444	0.0001	40.4
46	9050	0.0002	37.8
53	16343	0.0001	39.8
30	22914	0.0000	43.7
79	11604	0.0002	36.6
55	8772	0.0002	36.9
29	19137	0.0000	43.1
0	19596	0.0000	inf
25	6619	0.0001	39.1
0	7530	0.0000	inf
60	26866	0.0001	41.4
30	31260	0.0000	45.1
0	17139	0.0000	inf
0	29963	0.0000	inf
30	28203	0.0000	44.6
0	19107	0.0000	inf
0	20952	0.0000	inf
0	17212	0.0000	inf
27	19927	0.0000	43.6
84	24137	0.0001	39.5
0	31612	0.0000	inf
0	94255	0.0000	inf
